111111111111111111111111111111111111111111111111111111111111
100000000000000000000000000000000000000000000000000000000001
100011111111111111111111111111111111111111111111111110000001
100013333333333333333333333333333333333333333333333310000001
100013333333333333333333333333333333111111333333333310000001
100011111111111331111111111111111111100001333333333310000001
100000000000001331000000000000000000000001333333333310000001
100000000100001331000000000000000000000001333333333310000001
100000000000011331100000000000000000000001333333333310000001
100000040000013333100000000000000000000001333333333310000001
100000040000013333100000000000000000000001333333333310000001
100000040000011111100000000000000000000001111111111110000001
100000000000000000000000000000000000000000000000000000000001
111111111111111111111111111111111111111111111111111111111111
